{
 "cells": [
  {
   "cell_type": "code",
   "execution_count": 1,
   "id": "50011383",
   "metadata": {},
   "outputs": [],
   "source": [
    "import pandas as pd"
   ]
  },
  {
   "cell_type": "code",
   "execution_count": 2,
   "id": "18df0d05",
   "metadata": {},
   "outputs": [],
   "source": [
    "df1 = pd.read_excel(\"../Data/DDW_PCA0000_2011_Indiastatedist.xlsx\")\n",
    "df1 = df1[(df1[\"TRU\"] == \"Total\") & (df1[\"Level\"] == \"STATE\")]\n",
    "df2 = pd.read_excel(\"../Data/DDW-C18-0000.xlsx\", skiprows = [0,1,2,3,5])\n",
    "df2 = df2[(df2[\"4\"] == \"Total\") & (df2[\"5\"] == \"Total\")]"
   ]
  },
  {
   "cell_type": "code",
   "execution_count": 3,
   "id": "37bbafe7",
   "metadata": {},
   "outputs": [],
   "source": [
    "output = {\"state-code\" : [], \"percent-one\" : [], \"percent-two\" : [], \"percent-three\" : []}\n",
    "for idx,row in df1.iterrows():\n",
    "    temp = df2[df2['1'] == row[\"State\"]]\n",
    "    output[\"state-code\"].append(row[\"State\"])\n",
    "    output[\"percent-one\"].append(float(row[\"TOT_P\"] - temp[\"6\"])/row[\"TOT_P\"] * 100)\n",
    "    output[\"percent-two\"].append(float(temp[\"6\"] - temp[\"9\"])/row[\"TOT_P\"] * 100)\n",
    "    output[\"percent-three\"].append(float(temp[\"9\"])/row[\"TOT_P\"] * 100)"
   ]
  },
  {
   "cell_type": "code",
   "execution_count": 6,
   "id": "4102f9c3",
   "metadata": {},
   "outputs": [],
   "source": [
    "df = pd.DataFrame(output).sort_values(by=['state-code'])\n",
    "df.to_csv(\"../Final Outputs/percent-india.csv\", index = False)"
   ]
  },
  {
   "cell_type": "code",
   "execution_count": 7,
   "id": "da8e6d4f",
   "metadata": {},
   "outputs": [
    {
     "data": {
      "text/html": [
       "<div>\n",
       "<style scoped>\n",
       "    .dataframe tbody tr th:only-of-type {\n",
       "        vertical-align: middle;\n",
       "    }\n",
       "\n",
       "    .dataframe tbody tr th {\n",
       "        vertical-align: top;\n",
       "    }\n",
       "\n",
       "    .dataframe thead th {\n",
       "        text-align: right;\n",
       "    }\n",
       "</style>\n",
       "<table border=\"1\" class=\"dataframe\">\n",
       "  <thead>\n",
       "    <tr style=\"text-align: right;\">\n",
       "      <th></th>\n",
       "      <th>state-code</th>\n",
       "      <th>percent-one</th>\n",
       "      <th>percent-two</th>\n",
       "      <th>percent-three</th>\n",
       "    </tr>\n",
       "  </thead>\n",
       "  <tbody>\n",
       "    <tr>\n",
       "      <th>0</th>\n",
       "      <td>1</td>\n",
       "      <td>50.697384</td>\n",
       "      <td>32.588084</td>\n",
       "      <td>16.714533</td>\n",
       "    </tr>\n",
       "    <tr>\n",
       "      <th>1</th>\n",
       "      <td>2</td>\n",
       "      <td>81.896911</td>\n",
       "      <td>13.044005</td>\n",
       "      <td>5.059084</td>\n",
       "    </tr>\n",
       "    <tr>\n",
       "      <th>2</th>\n",
       "      <td>3</td>\n",
       "      <td>53.014940</td>\n",
       "      <td>18.762382</td>\n",
       "      <td>28.222678</td>\n",
       "    </tr>\n",
       "    <tr>\n",
       "      <th>3</th>\n",
       "      <td>4</td>\n",
       "      <td>45.054716</td>\n",
       "      <td>24.438960</td>\n",
       "      <td>30.506324</td>\n",
       "    </tr>\n",
       "    <tr>\n",
       "      <th>4</th>\n",
       "      <td>5</td>\n",
       "      <td>82.572823</td>\n",
       "      <td>15.565026</td>\n",
       "      <td>1.862151</td>\n",
       "    </tr>\n",
       "    <tr>\n",
       "      <th>5</th>\n",
       "      <td>6</td>\n",
       "      <td>77.802617</td>\n",
       "      <td>17.580012</td>\n",
       "      <td>4.617371</td>\n",
       "    </tr>\n",
       "    <tr>\n",
       "      <th>6</th>\n",
       "      <td>7</td>\n",
       "      <td>59.392197</td>\n",
       "      <td>32.517275</td>\n",
       "      <td>8.090528</td>\n",
       "    </tr>\n",
       "    <tr>\n",
       "      <th>7</th>\n",
       "      <td>8</td>\n",
       "      <td>89.097948</td>\n",
       "      <td>9.433381</td>\n",
       "      <td>1.468671</td>\n",
       "    </tr>\n",
       "    <tr>\n",
       "      <th>8</th>\n",
       "      <td>9</td>\n",
       "      <td>88.552454</td>\n",
       "      <td>10.153499</td>\n",
       "      <td>1.294046</td>\n",
       "    </tr>\n",
       "    <tr>\n",
       "      <th>9</th>\n",
       "      <td>10</td>\n",
       "      <td>83.898297</td>\n",
       "      <td>14.485391</td>\n",
       "      <td>1.616312</td>\n",
       "    </tr>\n",
       "    <tr>\n",
       "      <th>10</th>\n",
       "      <td>11</td>\n",
       "      <td>36.289936</td>\n",
       "      <td>34.000134</td>\n",
       "      <td>29.709930</td>\n",
       "    </tr>\n",
       "    <tr>\n",
       "      <th>11</th>\n",
       "      <td>12</td>\n",
       "      <td>35.974004</td>\n",
       "      <td>33.777906</td>\n",
       "      <td>30.248091</td>\n",
       "    </tr>\n",
       "    <tr>\n",
       "      <th>12</th>\n",
       "      <td>13</td>\n",
       "      <td>37.845754</td>\n",
       "      <td>34.988188</td>\n",
       "      <td>27.166058</td>\n",
       "    </tr>\n",
       "    <tr>\n",
       "      <th>13</th>\n",
       "      <td>14</td>\n",
       "      <td>51.375344</td>\n",
       "      <td>27.025829</td>\n",
       "      <td>21.598827</td>\n",
       "    </tr>\n",
       "    <tr>\n",
       "      <th>14</th>\n",
       "      <td>15</td>\n",
       "      <td>71.773486</td>\n",
       "      <td>23.399161</td>\n",
       "      <td>4.827352</td>\n",
       "    </tr>\n",
       "    <tr>\n",
       "      <th>15</th>\n",
       "      <td>16</td>\n",
       "      <td>65.470069</td>\n",
       "      <td>29.124882</td>\n",
       "      <td>5.405049</td>\n",
       "    </tr>\n",
       "    <tr>\n",
       "      <th>16</th>\n",
       "      <td>17</td>\n",
       "      <td>72.283426</td>\n",
       "      <td>18.449932</td>\n",
       "      <td>9.266643</td>\n",
       "    </tr>\n",
       "    <tr>\n",
       "      <th>17</th>\n",
       "      <td>18</td>\n",
       "      <td>53.660234</td>\n",
       "      <td>32.391948</td>\n",
       "      <td>13.947818</td>\n",
       "    </tr>\n",
       "    <tr>\n",
       "      <th>18</th>\n",
       "      <td>19</td>\n",
       "      <td>83.538029</td>\n",
       "      <td>13.305609</td>\n",
       "      <td>3.156362</td>\n",
       "    </tr>\n",
       "    <tr>\n",
       "      <th>19</th>\n",
       "      <td>20</td>\n",
       "      <td>69.683887</td>\n",
       "      <td>25.486986</td>\n",
       "      <td>4.829127</td>\n",
       "    </tr>\n",
       "    <tr>\n",
       "      <th>20</th>\n",
       "      <td>21</td>\n",
       "      <td>67.063058</td>\n",
       "      <td>19.773438</td>\n",
       "      <td>13.163504</td>\n",
       "    </tr>\n",
       "    <tr>\n",
       "      <th>21</th>\n",
       "      <td>22</td>\n",
       "      <td>86.752019</td>\n",
       "      <td>11.593780</td>\n",
       "      <td>1.654201</td>\n",
       "    </tr>\n",
       "    <tr>\n",
       "      <th>22</th>\n",
       "      <td>23</td>\n",
       "      <td>86.494406</td>\n",
       "      <td>11.773516</td>\n",
       "      <td>1.732078</td>\n",
       "    </tr>\n",
       "    <tr>\n",
       "      <th>23</th>\n",
       "      <td>24</td>\n",
       "      <td>57.160038</td>\n",
       "      <td>28.659593</td>\n",
       "      <td>14.180368</td>\n",
       "    </tr>\n",
       "    <tr>\n",
       "      <th>24</th>\n",
       "      <td>25</td>\n",
       "      <td>52.053263</td>\n",
       "      <td>33.721690</td>\n",
       "      <td>14.225047</td>\n",
       "    </tr>\n",
       "    <tr>\n",
       "      <th>25</th>\n",
       "      <td>26</td>\n",
       "      <td>42.107131</td>\n",
       "      <td>37.085732</td>\n",
       "      <td>20.807136</td>\n",
       "    </tr>\n",
       "    <tr>\n",
       "      <th>26</th>\n",
       "      <td>27</td>\n",
       "      <td>48.903046</td>\n",
       "      <td>33.544254</td>\n",
       "      <td>17.552700</td>\n",
       "    </tr>\n",
       "    <tr>\n",
       "      <th>27</th>\n",
       "      <td>28</td>\n",
       "      <td>74.481987</td>\n",
       "      <td>18.017047</td>\n",
       "      <td>7.500967</td>\n",
       "    </tr>\n",
       "    <tr>\n",
       "      <th>28</th>\n",
       "      <td>29</td>\n",
       "      <td>60.303665</td>\n",
       "      <td>26.876807</td>\n",
       "      <td>12.819528</td>\n",
       "    </tr>\n",
       "    <tr>\n",
       "      <th>29</th>\n",
       "      <td>30</td>\n",
       "      <td>22.789355</td>\n",
       "      <td>26.389518</td>\n",
       "      <td>50.821127</td>\n",
       "    </tr>\n",
       "    <tr>\n",
       "      <th>30</th>\n",
       "      <td>31</td>\n",
       "      <td>71.223613</td>\n",
       "      <td>13.295488</td>\n",
       "      <td>15.480899</td>\n",
       "    </tr>\n",
       "    <tr>\n",
       "      <th>31</th>\n",
       "      <td>32</td>\n",
       "      <td>75.563156</td>\n",
       "      <td>14.891232</td>\n",
       "      <td>9.545612</td>\n",
       "    </tr>\n",
       "    <tr>\n",
       "      <th>32</th>\n",
       "      <td>33</td>\n",
       "      <td>71.701857</td>\n",
       "      <td>24.906232</td>\n",
       "      <td>3.391911</td>\n",
       "    </tr>\n",
       "    <tr>\n",
       "      <th>33</th>\n",
       "      <td>34</td>\n",
       "      <td>68.565162</td>\n",
       "      <td>25.692234</td>\n",
       "      <td>5.742604</td>\n",
       "    </tr>\n",
       "    <tr>\n",
       "      <th>34</th>\n",
       "      <td>35</td>\n",
       "      <td>32.359997</td>\n",
       "      <td>48.535529</td>\n",
       "      <td>19.104474</td>\n",
       "    </tr>\n",
       "  </tbody>\n",
       "</table>\n",
       "</div>"
      ],
      "text/plain": [
       "    state-code  percent-one  percent-two  percent-three\n",
       "0            1    50.697384    32.588084      16.714533\n",
       "1            2    81.896911    13.044005       5.059084\n",
       "2            3    53.014940    18.762382      28.222678\n",
       "3            4    45.054716    24.438960      30.506324\n",
       "4            5    82.572823    15.565026       1.862151\n",
       "5            6    77.802617    17.580012       4.617371\n",
       "6            7    59.392197    32.517275       8.090528\n",
       "7            8    89.097948     9.433381       1.468671\n",
       "8            9    88.552454    10.153499       1.294046\n",
       "9           10    83.898297    14.485391       1.616312\n",
       "10          11    36.289936    34.000134      29.709930\n",
       "11          12    35.974004    33.777906      30.248091\n",
       "12          13    37.845754    34.988188      27.166058\n",
       "13          14    51.375344    27.025829      21.598827\n",
       "14          15    71.773486    23.399161       4.827352\n",
       "15          16    65.470069    29.124882       5.405049\n",
       "16          17    72.283426    18.449932       9.266643\n",
       "17          18    53.660234    32.391948      13.947818\n",
       "18          19    83.538029    13.305609       3.156362\n",
       "19          20    69.683887    25.486986       4.829127\n",
       "20          21    67.063058    19.773438      13.163504\n",
       "21          22    86.752019    11.593780       1.654201\n",
       "22          23    86.494406    11.773516       1.732078\n",
       "23          24    57.160038    28.659593      14.180368\n",
       "24          25    52.053263    33.721690      14.225047\n",
       "25          26    42.107131    37.085732      20.807136\n",
       "26          27    48.903046    33.544254      17.552700\n",
       "27          28    74.481987    18.017047       7.500967\n",
       "28          29    60.303665    26.876807      12.819528\n",
       "29          30    22.789355    26.389518      50.821127\n",
       "30          31    71.223613    13.295488      15.480899\n",
       "31          32    75.563156    14.891232       9.545612\n",
       "32          33    71.701857    24.906232       3.391911\n",
       "33          34    68.565162    25.692234       5.742604\n",
       "34          35    32.359997    48.535529      19.104474"
      ]
     },
     "execution_count": 7,
     "metadata": {},
     "output_type": "execute_result"
    }
   ],
   "source": [
    "df"
   ]
  },
  {
   "cell_type": "code",
   "execution_count": null,
   "id": "68cabe31",
   "metadata": {},
   "outputs": [],
   "source": []
  }
 ],
 "metadata": {
  "kernelspec": {
   "display_name": "Python 3 (ipykernel)",
   "language": "python",
   "name": "python3"
  },
  "language_info": {
   "codemirror_mode": {
    "name": "ipython",
    "version": 3
   },
   "file_extension": ".py",
   "mimetype": "text/x-python",
   "name": "python",
   "nbconvert_exporter": "python",
   "pygments_lexer": "ipython3",
   "version": "3.9.6"
  }
 },
 "nbformat": 4,
 "nbformat_minor": 5
}
